$ 1 0.000005 10.20027730826997 50 5 43 5e-11
f 128 256 192 256 32 1.5 0.02
f 192 176 288 176 33 1.5 0.02
w 192 176 192 240 0
w 192 272 192 320 0
g 192 320 192 352 0 0
L -208 256 -256 256 0 1 false 5 0
r -16 288 -16 336 0 10000
w -16 256 -16 288 0
g -16 336 -16 384 0 0
w -96 256 -16 256 0
w -16 256 128 256 0
w 288 192 288 224 0
r 288 240 288 304 0 10000
w 288 304 288 352 0
g 288 352 288 368 0 0
w 352 224 288 224 0
w 288 240 288 224 0
w 192 176 192 96 0
r 192 96 192 48 0 10000
w 288 160 288 0 0
w 288 0 192 0 0
w 192 48 192 0 0
w 192 0 192 -16 0
R 192 -64 192 -112 0 0 40 12 0 0 0.5
w 192 -32 192 -16 0
r -208 256 -96 256 0 2000
l 448 224 544 224 0 1 0.11433575599904817 0
r 352 224 448 224 0 100
g 544 224 544 272 0 0
d 352 320 352 272 2 default
w 288 352 352 352 0
w 352 272 352 224 0
w 352 320 352 352 0
R 80 0 0 0 0 0 40 5 0 0 0.5
s 80 0 112 0 0 1 false
w 112 0 192 0 0
s 192 -64 192 -32 0 0 false
x 341 156 650 159 4 18 100\sohm\ssimülasyon\siçin,\sgerçekte\syok
